0.10149 6.4000 0.09364 0.10897 4.3 8.5
0.11924 9.8000 0.11298 0.12531 8.3 11.3
0.12077 12.000 0.11769 0.12381 9 15
0.13700 20.000 0.12531 0.14819 10 30
0.13700 17.600 0.13122 0.14265 15.4 19.8
0.15633 19.000 0.14956 0.16297 16.4 21.6
0.15840 26.090 0.15800 0.15880 25.57 26.61
0.16000 25.300 0.16000 0.16000 23.1 27.5
0.16690 31.000 0.16690 0.16690 28 34
0.17209 50.000 0.16297 0.18101 37 63
0.17337 34.000 0.17337 0.17337 30 38
0.17600 37.300 0.17600 0.17600 36.3 38.3
0.18900 50.300 0.18900 0.18900 48.5 52.1
0.19100 52.800 0.19100 0.19100 50.2 55.4
0.19150 54.680 0.19100 0.19200 54.4 54.96
0.19472 62.400 0.17975 0.20930 54.4 70.4
0.20400 71.400 0.20400 0.20400 70.1 72.7
0.20600 75.200 0.20600 0.20600 73.4 77
0.20689 77.000 0.20689 0.20689 71 83
0.21648 91.000 0.20930 0.22358 85 97
0.21760 96.250 0.21710 0.21810 95.78 96.72
0.21930 101.04 0.21880 0.21980 100.03 102.05
0.22000 97.600 0.22000 0.22000 95.5 99.7
0.22200 103.70 0.22200 0.22200 101.8 105.6
0.22828 122.00 0.21885 0.23761 114 130
0.23600 131.20 0.23600 0.23600 129.5 132.9
0.23645 126.00 0.22946 0.24339 122 130
0.23645 126.00 0.23645 0.23645 106 146
0.23760 141.19 0.23700 0.23820 140.62 141.76
0.23761 152.00 0.23063 0.24454 138 166
0.23800 139.60 0.23800 0.23800 137.5 141.7
0.24070 148.60 0.24010 0.24130 148.05 149.15
0.24224 133.00 0.23413 0.25029 125 141
0.24454 150.00 0.23063 0.25827 142 158
0.24569 140.50 0.24224 0.24914 135.5 145.5
0.24684 151.00 0.23993 0.25371 147 155
0.25100 167.70 0.25100 0.25100 166.5 168.9
0.25300 173.20 0.25300 0.25300 171.7 174.7
0.25371 164.50 0.24569 0.26168 159.9 169.1
0.25486 151.00 0.24684 0.26281 132 170
0.25599 175.00 0.24224 0.26958 169 181
0.26030 189.66 0.25960 0.26100 189.02 190.3
0.26054 170.00 0.25371 0.26733 165 175
0.26600 192.00 0.26600 0.26600 188.9 195.1
0.26640 198.38 0.26570 0.26710 197.74 199.02
0.26733 170.50 0.26337 0.27127 167 174
0.26800 198.30 0.26800 0.26800 196.6 200
0.26958 169.00 0.26281 0.27632 164 174
0.27071 188.20 0.26394 0.27744 182.8 193.6
0.27183 187.00 0.25827 0.28526 180 194
0.27410 204.24 0.27340 0.27480 203.59 204.89
0.27600 204.30 0.27600 0.27600 202.8 205.8
0.27632 194.90 0.26846 0.28414 189.4 200.4
0.27632 198.00 0.27240 0.28024 194.5 201.5
0.27744 205.00 0.27071 0.28414 199 211
0.28080 193.00 0.27408 0.28748 187 199
0.28100 203.70 0.28100 0.28100 200.4 207
0.28300 204.70 0.28300 0.28300 203.1 206.3
0.28414 198.00 0.28024 0.28804 193 203
0.28692 193.50 0.28303 0.29081 190 197
0.28970 166.00 0.27968 0.29966 146 186
0.29030 202.91 0.28950 0.29110 202.24 203.58
0.29100 203.10 0.29100 0.29100 201.8 204.4
0.29137 192.00 0.28748 0.29524 188.5 195.5
0.29192 196.00 0.28526 0.29856 190 202
0.29303 188.00 0.28414 0.30187 180 196
0.29600 194.20 0.29600 0.29600 192.7 195.7
0.29690 194.10 0.28214 0.31142 188.9 199.3
0.29800 194.30 0.29800 0.29800 192.8 195.8
0.30297 200.00 0.29635 0.30956 194 206
0.30407 174.00 0.30021 0.30791 170 178
0.30517 202.00 0.29635 0.31394 188 216
0.30600 188.30 0.30600 0.30600 187.1 189.5
0.31100 178.30 0.31100 0.31100 176.8 179.8
0.31300 174.70 0.31300 0.31300 173.3 176.1
0.31504 178.00 0.31121 0.31886 173.5 182.5
0.31540 173.46 0.31460 0.31620 172.87 174.05
0.31941 179.00 0.31285 0.32594 173 185
0.32700 156.80 0.32700 0.32700 155.8 157.8
0.32800 154.80 0.32800 0.32800 153.5 156.1
0.33029 156.00 0.32377 0.33680 149 163
0.34060 134.81 0.33970 0.34150 134.37 135.25
0.34100 134.00 0.34100 0.34100 133.1 134.9
0.34112 132.00 0.33463 0.34760 125 139
0.34300 131.90 0.34300 0.34300 130.8 133
0.34328 151.00 0.33788 0.34867 132.8 169.2
0.35298 125.60 0.34658 0.35939 123.1 128.1
0.35600 113.90 0.35600 0.35600 113.1 114.7
0.35800 111.90 0.35800 0.35800 111 112.8
0.36103 114.50 0.35942 0.36264 111.6 117.4
0.36810 100.63 0.36730 0.36900 100.27 100.99
0.37100 96.200 0.37100 0.37100 95.1 97.3
0.37300 96.600 0.37300 0.37300 95.8 97.4
0.38509 85.200 0.37865 0.39139 82.2 88.2
0.38600 84.300 0.38600 0.38600 83.7 84.9
0.38700 84.100 0.38700 0.38700 83.4 84.8
0.39860 73.820 0.39760 0.39960 73.52 74.12
0.40100 73.800 0.40100 0.40100 73.3 74.3
0.41500 64.310 0.41293 0.41708 64.13 64.49
0.41600 64.700 0.41600 0.41600 64.3 65.1
0.42423 65.700 0.41787 0.43045 63.5 67.9
0.42736 60.300 0.42736 0.42736 59.1 61.5
0.43000 57.400 0.43000 0.43000 57 57.8
0.43500 55.860 0.43283 0.43718 55.66 56.06
0.43576 58.920 0.43576 0.43576 57.76 60.08
0.44500 51.000 0.44500 0.44500 50.7 51.3
0.45500 46.630 0.45272 0.45728 46.49 46.77
0.46000 45.800 0.46000 0.46000 45.5 46.1
0.46400 41.230 0.46122 0.46678 40.33 42.13
0.46717 45.220 0.46717 0.46717 44.38 46.06
0.47500 40.810 0.47262 0.47738 40.65 40.97
0.47500 41.400 0.47500 0.47500 41.1 41.7
0.48800 40.690 0.48800 0.48800 39.95 41.43
0.48900 37.800 0.48900 0.48900 37.5 38.1
0.48900 35.320 0.48607 0.49193 34.57 36.07
0.49008 39.300 0.49008 0.49008 38.5 40.1
0.49500 35.920 0.49253 0.49748 35.76 36.08
0.49632 40.390 0.49632 0.49632 38.77 42.01
0.50251 40.780 0.49842 0.50676 39.16 42.4
0.51200 31.150 0.50893 0.51507 30.55 31.75
0.51500 31.900 0.51243 0.51758 31.77 32.03
0.51914 34.580 0.51914 0.51914 33.94 35.22
0.53155 31.400 0.53155 0.53155 30.6 32.2
0.53500 29.020 0.53233 0.53768 28.93 29.11
0.53982 29.040 0.53982 0.53982 28.49 29.59
0.54000 27.110 0.53676 0.54324 26.56 27.66
0.55500 26.250 0.55222 0.55778 26.18 26.32
0.56045 26.530 0.56045 0.56045 26.01 27.05
0.56500 24.360 0.56161 0.56839 23.94 24.78
0.57281 25.700 0.57281 0.57281 25.2 26.2
0.57500 23.330 0.57213 0.57788 23.22 23.44
0.58104 23.790 0.58104 0.58104 22.95 24.63
0.59235 23.470 0.59235 0.59235 22.39 24.55
0.59400 21.450 0.59044 0.59756 21.07 21.83
0.59500 21.300 0.59203 0.59798 21.11 21.49
0.59949 23.670 0.59448 0.60468 22.59 24.75
0.60159 22.230 0.60159 0.60159 21.45 23.01
0.61390 21.500 0.61390 0.61390 20.8 22.2
0.61400 19.750 0.61093 0.61707 19.65 19.85
0.62107 23.800 0.61081 0.63136 23.4 24.2
0.62500 18.950 0.62125 0.62875 18.68 19.22
0.63200 18.110 0.62884 0.63516 18.04 18.18
0.63235 19.370 0.63235 0.63235 18.84 19.9
0.63500 17.000 0.63200 0.63800 13.6 20.4
0.65000 16.930 0.64675 0.65325 16.85 17.01
0.65400 17.110 0.65008 0.65792 16.87 17.35
0.66800 15.960 0.66466 0.67134 15.88 16.04
0.67836 18.100 0.67836 0.67836 17.4 18.8
0.68346 14.930 0.68346 0.68346 14.52 15.34
0.68500 16.010 0.68089 0.68911 15.79 16.23
0.68700 14.950 0.68356 0.69043 14.85 15.05
0.69265 17.260 0.69265 0.69265 16.44 18.08
0.69979 17.370 0.69362 0.70598 16.55 18.19
0.70500 14.460 0.70148 0.70853 14.3 14.62
0.70590 16.200 0.70590 0.70590 15.4 17
0.71100 15.160 0.70673 0.71527 14.95 15.37
0.72216 18.600 0.71005 0.73448 18.1 19.1
0.72300 14.120 0.71939 0.72662 14.03 14.21
0.72628 15.700 0.72628 0.72628 15.1 16.3
0.72628 16.060 0.72628 0.72628 15.26 16.86
0.73000 15.000 0.72562 0.73438 14.79 15.21
0.74100 14.100 0.73729 0.74471 13.95 14.25
0.75274 15.110 0.75274 0.75274 14.39 15.83
0.75978 15.160 0.75381 0.76593 14.44 15.88
0.76000 14.350 0.75620 0.76380 14.27 14.43
0.76400 14.710 0.75942 0.76858 14.51 14.91
0.77714 15.100 0.77714 0.77714 14.6 15.6
0.77800 14.620 0.77411 0.78189 14.51 14.73
0.78329 16.100 0.77010 0.79639 15.7 16.5
0.79100 14.860 0.78705 0.79496 14.75 14.97
0.79136 14.750 0.79136 0.79136 14.08 15.42
0.79400 15.210 0.78924 0.79876 15.03 15.39
0.80043 14.770 0.79336 0.80768 14.1 15.44
0.81200 15.750 0.80713 0.81687 15.57 15.93
0.81500 15.410 0.81093 0.81907 15.29 15.53
0.81800 15.960 0.81309 0.82291 15.78 16.14
0.82377 18.000 0.80971 0.83807 17.7 18.3
0.82586 16.600 0.82586 0.82586 16.1 17.1
0.83300 16.420 0.82884 0.83716 16.33 16.51
0.83800 16.890 0.83297 0.84303 16.71 17.07
0.85100 17.500 0.84675 0.85526 17.41 17.59
0.86800 18.600 0.86279 0.87321 18.42 18.78
0.87000 18.640 0.86565 0.87435 18.59 18.69
0.88467 20.700 0.86946 0.89979 20.3 21.1
0.89700 20.380 0.89162 0.90238 20.2 20.56
0.89880 19.440 0.89880 0.89880 18.64 20.24
0.90694 19.440 0.89874 0.91498 18.64 20.24
0.92410 23.000 0.90799 0.94029 22.6 23.4
0.93100 22.290 0.92541 0.93659 22.11 22.47
0.94532 23.430 0.94532 0.94532 22.82 24.04
0.94734 21.400 0.94734 0.94734 20.59 22.21
0.95640 21.360 0.94842 0.96457 20.55 22.17
0.96200 23.380 0.95623 0.96777 23.2 23.56
0.96546 24.400 0.94931 0.98169 24 24.8
0.96756 22.490 0.96756 0.96756 21.66 23.32
0.97669 22.420 0.96760 0.98366 21.59 23.25
0.98474 25.100 0.96760 1.00200 24.7 25.5
0.99200 24.100 0.98605 0.99795 23.93 24.27
0.99281 21.880 0.99281 0.99281 21.02 22.74
0.99584 23.370 0.99584 0.99584 22.69 24.05
1.00200 21.850 0.99280 1.01100 20.99 22.71
1.02000 22.000 0.96000 1.08000 21.1 22.9
1.02000 24.580 1.01388 1.02612 24.41 24.75
1.02510 25.900 1.00790 1.04330 25.4 26.4
1.04529 23.120 1.04529 1.04529 22.38 23.86
1.04900 25.300 1.04271 1.05529 25.13 25.47
1.05440 26.500 1.03820 1.07260 26.1 26.9
1.08460 26.500 1.06540 1.10380 26 27
1.09000 25.970 1.08346 1.09654 25.79 26.15
1.09572 23.800 1.09572 1.09572 23.02 24.58
1.12490 26.500 1.10470 1.14510 26 27
1.13100 27.150 1.12421 1.13779 26.97 27.33
1.14510 25.850 1.14510 1.14510 25.01 26.69
1.16530 27.800 1.14510 1.18540 27.4 28.2
1.17000 28.570 1.16298 1.17702 28.38 28.76
1.18540 29.000 1.16220 1.20650 28.6 29.4
1.19545 26.780 1.19545 1.19545 25.84 27.72
1.20000 29.940 1.19280 1.20720 29.75 30.13
1.22170 30.100 1.22170 1.22170 28.5 31.7
1.22570 31.000 1.20350 1.24770 30.5 31.5
1.23000 31.450 1.22262 1.23738 31.26 31.64
1.24578 27.510 1.24578 1.24578 26.44 28.58
1.25900 33.200 1.25145 1.26655 33.01 33.39
1.27800 34.540 1.27033 1.28567 34.35 34.73
1.28600 33.700 1.25270 1.30920 33.3 34.1
1.29608 30.650 1.29608 1.29608 29.46 31.84
1.29900 35.850 1.29121 1.30679 35.66 36.04
1.32520 36.100 1.30110 1.34930 35.7 36.5
1.33700 38.330 1.32898 1.34502 38.15 38.51
1.34535 35.270 1.34535 1.34535 33.9 36.64
1.36650 38.100 1.34240 1.39050 37.5 38.7
1.37800 40.050 1.36973 1.38627 39.89 40.21
1.38550 39.900 1.36050 1.41070 39.5 40.3
1.39561 36.640 1.39561 1.39561 35.08 38.2
1.40300 40.920 1.39458 1.41142 40.76 41.08
1.42000 39.500 1.38450 1.45550 39 40
1.42073 37.370 1.42073 1.42073 35.92 38.82
1.42570 40.600 1.39960 1.44990 40.2 41
1.43400 41.460 1.42540 1.44260 41.3 41.62
1.44585 38.070 1.44585 1.44585 36.6 39.54
1.47096 37.650 1.47096 1.47096 36.11 39.19
1.47590 40.900 1.44890 1.50310 40.5 41.3
1.47600 41.020 1.46714 1.48486 40.86 41.18
1.49607 36.160 1.49607 1.49607 34.6 37.72
1.50600 40.250 1.49696 1.51504 40.07 40.43
1.51700 40.080 1.50790 1.52610 39.9 40.26
1.52530 39.500 1.49710 1.55320 39 40
1.54528 36.530 1.54528 1.54528 34.93 38.13
1.55600 38.320 1.54666 1.56534 38.14 38.5
1.56540 38.200 1.53710 1.60360 37.8 38.6
1.58500 40.000 1.57000 1.60000 39.6 40.4
1.59548 34.100 1.59548 1.59548 32.51 35.69
1.60000 36.500 1.56000 1.64000 35.53 37.47
1.60500 36.050 1.59537 1.61463 35.88 36.22
1.62460 36.100 1.59450 1.65470 35.6 36.6
1.64365 34.900 1.62092 1.66639 34.43 35.37
1.65400 34.570 1.64408 1.66392 34.37 34.77
1.66560 34.400 1.63570 1.69580 34 34.8
1.72100 32.200 1.71067 1.73133 31.97 32.43
1.72490 32.700 1.69280 1.75700 32.3 33.1
1.73000 30.300 1.68675 1.77325 29.88 30.72
1.76910 31.500 1.73690 1.80110 31.1 31.9
1.78500 31.070 1.77429 1.79571 30.82 31.32
1.82424 30.620 1.79881 1.84966 30.15 31.09
1.82530 30.200 1.79120 1.85930 29.8 30.6
1.85100 30.150 1.83989 1.86211 29.89 30.41
1.89000 29.000 1.84275 1.93725 28.25 29.75
1.92450 29.900 1.88850 1.96050 29.6 30.2
1.92900 29.530 1.91743 1.94057 29.25 29.81
1.95400 29.400 1.94228 1.96572 29.11 29.69
1.98467 29.230 1.95685 2.01249 28.79 29.67
2.00400 29.330 1.99198 2.01602 29.03 29.63
2.03479 29.310 2.00622 2.06335 28.88 29.74
2.04200 29.280 2.02975 2.05425 28.96 29.6
2.05000 28.300 1.99875 2.10125 27.67 28.93
2.05300 29.210 2.04068 2.06532 28.89 29.53
2.07700 28.750 2.04377 2.11023 27.75 29.75
2.10100 29.280 2.08839 2.11361 28.94 29.62
2.11000 29.170 2.11000 2.11000 29.13 29.21
2.13501 29.070 2.10495 2.16508 28.77 29.37
2.21000 29.414 2.21000 2.21000 29.384 29.444
2.24524 30.010 2.21352 2.27695 29.72 30.3
2.32000 29.847 2.32000 2.32000 29.827 29.867
2.34542 30.890 2.31221 2.37863 30.62 31.16
2.42000 30.439 2.42000 2.42000 30.419 30.459
2.45561 31.100 2.42075 2.49046 30.84 31.36
2.46900 30.990 2.45419 2.48381 30.57 31.41
2.47000 29.200 2.40825 2.53175 28.63 29.77
2.52000 30.762 2.52000 2.52000 30.742 30.782
2.55576 30.550 2.51941 2.59212 30.28 30.82
2.62000 30.824 2.62000 2.62000 30.804 30.844
2.65591 30.890 2.61805 2.69376 30.62 31.16
2.72000 30.618 2.72000 2.72000 30.598 30.638
2.76605 29.990 2.72655 2.80555 29.72 30.26
2.82000 30.150 2.82000 2.82000 30.13 30.17
2.86617 29.870 2.82517 2.90717 29.61 30.13
2.92000 28.700 2.83240 3.00760 28.2 29.2
2.92000 29.661 2.92000 2.92000 29.641 29.681
2.96629 29.490 2.92379 3.00878 29.26 29.72
2.97000 29.500 2.89575 3.04425 28.97 30.03
3.02000 29.167 3.02000 3.02000 29.147 29.187
3.06640 28.960 3.02240 3.11039 28.61 29.31
3.12000 28.831 3.12000 3.12000 28.816 28.846
3.16650 28.840 3.12100 3.21199 28.62 29.06
3.22000 28.594 3.22000 3.22000 28.579 28.609
3.27660 28.380 3.22946 3.32374 28.11 28.65
3.32000 28.404 3.32000 3.32000 28.389 28.419
3.42000 28.316 3.42000 3.42000 28.301 28.331
3.47677 28.430 3.42663 3.52691 28.21 28.65
3.52000 28.224 3.52000 3.52000 28.209 28.239
3.58000 28.600 3.49050 3.66950 28.14 29.06
3.62000 28.184 3.62000 3.62000 28.169 28.199
3.68693 27.990 3.63364 3.74022 27.83 28.15
3.72000 28.069 3.72000 3.72000 28.054 28.084
3.82000 27.996 3.82000 3.82000 27.986 28.006
3.89707 27.700 3.84063 3.95351 27.47 27.93
3.93000 27.851 3.93000 3.93000 27.841 27.861
4.00000 27.800 3.90000 4.10000 27.27 28.33
4.00000 28.000 4.00000 4.00000 27.9 28.1
4.03000 27.721 4.03000 4.03000 27.711 27.731
4.10720 27.370 4.04761 4.16678 27.11 27.63
4.13000 27.559 4.13000 4.13000 27.549 27.569
4.23000 27.392 4.23000 4.23000 27.382 27.402
4.31731 27.840 4.25458 4.38005 27.61 28.07
4.33000 27.243 4.33000 4.33000 27.233 27.253
4.43000 27.091 4.43000 4.43000 27.081 27.101
4.50000 27.600 4.50000 4.50000 27.3 27.9
4.52742 27.220 4.46154 4.59330 26.99 27.45
4.53000 26.971 4.53000 4.53000 26.961 26.981
4.63000 26.866 4.63000 4.63000 26.856 26.876
4.73000 26.774 4.73000 4.73000 26.764 26.784
4.83000 26.670 4.83000 4.83000 26.66 26.68
4.93000 26.594 4.93000 4.93000 26.584 26.604
5.03000 26.483 5.03000 5.03000 26.473 26.493
5.13000 26.417 5.13000 5.13000 26.407 26.427
5.23000 26.305 5.23000 5.23000 26.295 26.315
5.33000 26.232 5.33000 5.33000 26.222 26.242
5.44000 26.115 5.44000 5.44000 26.105 26.125
5.54000 26.048 5.54000 5.54000 26.038 26.058
5.64000 25.970 5.64000 5.64000 25.945 25.995
5.74000 25.922 5.74000 5.74000 25.897 25.947
5.75000 26.900 5.75000 5.75000 26.5 27.3
5.84000 25.795 5.84000 5.84000 25.77 25.82
5.94000 25.744 5.94000 5.94000 25.719 25.769
6.00000 26.200 5.89800 6.10200 26 26.4
6.04000 25.631 6.04000 6.04000 25.606 25.656
6.14000 25.610 6.14000 6.14000 25.585 25.635
6.24000 25.491 6.24000 6.24000 25.466 25.516
6.44000 25.293 6.44000 6.44000 25.268 25.318
6.64000 25.187 6.64000 6.64000 25.162 25.212
6.84000 25.041 6.84000 6.84000 25.016 25.066
7.00000 26.100 7.00000 7.00000 25.8 26.4
7.73000 25.564 7.71450 7.74550 25.48 25.648
8.00000 25.430 8.00000 8.00000 25.35 25.51
8.00000 25.100 7.86400 8.13600 24.9 25.3
9.84000 24.921 9.82030 9.85970 24.842 25
10.00000 25.000 10.00000 10.00000 24.5 25.5
10.00000 25.200 10.00000 10.00000 24.8 25.6
10.00000 24.800 9.83000 10.17000 24.6 25
11.90000 24.517 11.87600 11.92400 24.439 24.595
12.00000 24.800 12.00000 12.00000 24.5 25.1
12.00000 24.200 11.79600 12.20400 24 24.4
14.00000 24.700 14.00000 14.00000 24.4 25
14.00000 23.900 13.76200 14.23800 23.7 24.1
14.07000 24.187 14.04200 14.09800 24.106 24.268
15.00000 24.050 15.00000 15.00000 23.77 24.33
15.00000 24.080 15.00000 15.00000 23.96 24.2
15.96000 24.025 15.92800 15.99200 23.949 24.101
16.00000 23.960 16.00000 16.00000 23.86 24.06
16.00000 23.400 15.72800 16.27200 23.2 23.6
17.00000 24.600 17.00000 17.00000 24.4 24.8
18.00000 23.500 17.69400 18.30600 23.3 23.7
18.02000 23.805 17.98400 18.05600 23.724 23.886
18.46000 23.100 18.37000 18.55000 22.4 23.8
18.50000 23.120 18.50000 18.50000 22.45 23.79
20.00000 24.100 20.00000 20.00000 23.6 24.6
20.00000 23.740 20.00000 20.00000 23.59 23.89
20.00000 23.400 19.66000 20.34000 23.2 23.6
20.00000 23.520 20.00000 20.00000 23.41 23.63
20.29000 23.731 20.24900 20.33100 23.652 23.81
22.10000 23.422 22.05600 22.14400 23.324 23.52
23.00000 23.710 23.00000 23.00000 23.65 23.77
25.00000 23.430 25.00000 25.00000 23.32 23.54
30.00000 23.320 30.00000 30.00000 23.21 23.43
35.00000 23.210 35.00000 35.00000 23.17 23.25
35.00000 23.060 35.00000 35.00000 22.95 23.17
40.00000 23.080 40.00000 40.00000 22.97 23.19
42.50000 23.100 42.50000 42.50000 22.97 23.23
45.00000 23.140 45.00000 45.00000 23.02 23.26
50.00000 23.110 50.00000 50.00000 23.05 23.17
50.00000 22.600 49.87500 50.12500 22.1 23.1
50.00000 23.070 50.00000 50.00000 23.01 23.13
50.00000 23.110 50.00000 50.00000 22.99 23.23
52.20000 23.100 52.20000 52.20000 22.93 23.27
55.00000 23.140 55.00000 55.00000 23.02 23.26
60.00000 23.330 60.00000 60.00000 23.13 23.53
70.00000 23.220 70.00000 70.00000 23.16 23.28
100.00000 23.400 99.00000 101.00000 22.5 24.3
100.00000 23.330 100.00000 100.00000 23.27 23.39
100.00000 23.290 100.00000 100.00000 23.23 23.35
120.00000 23.420 120.00000 120.00000 23.38 23.46
147.00000 23.740 147.00000 147.00000 23.28 24.2
150.00000 23.500 150.00000 150.00000 23.46 23.54
150.00000 23.460 150.00000 150.00000 23.4 23.52
170.00000 23.680 170.00000 170.00000 23.63 23.73
175.00000 22.900 173.25000 176.75000 21.7 24.1
200.00000 23.780 200.00000 200.00000 23.74 23.82
200.00000 23.730 200.00000 200.00000 23.64 23.82
240.00000 24.100 240.00000 240.00000 24.03 24.17
280.00000 24.430 280.00000 280.00000 24.33 24.53
310.00000 24.500 310.00000 310.00000 24.4 24.6
340.00000 24.620 340.00000 340.00000 24.48 24.76
