0.09875 8.8700 0.09875 0.09875 8.57 9.17
0.16000 13.600 0.16000 0.16000 11.7 15.5
0.16520 15.800 0.16480 0.16560 15.6 16
0.17600 17.700 0.17600 0.17600 16.8 18.6
0.18101 21.000 0.17080 0.19101 13 29
0.18900 21.200 0.18900 0.18900 20.2 22.2
0.18980 23.120 0.18930 0.19030 22.97 23.27
0.19100 22.200 0.19100 0.19100 20.2 24.2
0.20400 28.000 0.20400 0.20400 27.2 28.8
0.20600 29.300 0.20600 0.20600 28.1 30.5
0.20930 31.000 0.20205 0.21648 22 40
0.21220 33.740 0.21170 0.21270 33.55 33.93
0.21870 38.440 0.21820 0.21920 38.26 38.62
0.21885 33.400 0.21885 0.21885 30.2 36.6
0.22000 38.600 0.22000 0.22000 37.9 39.3
0.22200 39.300 0.22200 0.22200 38.2 40.4
0.22740 44.480 0.22680 0.22800 44.27 44.69
0.23063 42.700 0.23063 0.23063 40.7 44.7
0.23413 46.900 0.22594 0.24224 44.5 49.3
0.23600 47.700 0.23600 0.23600 46.9 48.5
0.23645 52.000 0.22946 0.24339 46 58
0.23800 50.300 0.23800 0.23800 49.1 51.5
0.24330 55.350 0.24270 0.24390 55.15 55.55
0.24684 48.100 0.24684 0.24684 43.6 52.6
0.25100 58.200 0.25100 0.25100 57.5 58.9
0.25300 59.100 0.25300 0.25300 58.3 59.9
0.25371 55.300 0.24569 0.26168 53.7 56.9
0.25599 63.700 0.25599 0.25599 61.7 65.7
0.25599 60.700 0.24108 0.27071 57.7 63.7
0.25599 60.000 0.25599 0.25599 56.8 63.2
0.26021 56.400 0.25949 0.26079 54.4 58.4
0.26168 62.900 0.25257 0.27071 60.5 65.3
0.26460 67.900 0.26390 0.26530 67.65 68.15
0.26600 66.200 0.26600 0.26600 65.6 66.8
0.26800 68.100 0.26800 0.26800 67.2 69
0.27040 70.260 0.26970 0.27110 70.01 70.51
0.27071 67.500 0.26394 0.27744 66 69
0.27520 63.000 0.27520 0.27520 59 67
0.27536 67.200 0.27478 0.27594 66.1 68.3
0.27600 71.000 0.27600 0.27600 70.1 71.9
0.27632 62.700 0.26846 0.28414 60.8 64.6
0.27920 70.740 0.27850 0.27990 70.49 70.99
0.28100 71.900 0.28100 0.28100 71.3 72.5
0.28285 67.200 0.28227 0.28343 66.1 68.3
0.28300 72.200 0.28300 0.28300 71.4 73
0.28303 66.000 0.27632 0.28970 60 72
0.28637 65.900 0.27744 0.29524 63.4 68.4
0.29033 67.700 0.28976 0.29091 66.7 68.7
0.29100 70.600 0.29100 0.29100 69.8 71.4
0.29260 69.760 0.29190 0.29330 69.52 70
0.29303 63.500 0.28637 0.29966 61.9 65.1
0.29552 67.800 0.29494 0.29609 67 68.6
0.29600 68.800 0.29600 0.29600 68.2 69.4
0.29800 68.800 0.29800 0.29800 68 69.6
0.30242 64.000 0.30185 0.30300 63 65
0.30297 64.600 0.29524 0.31066 62.1 67.1
0.30297 74.000 0.30297 0.30297 69 79
0.30407 63.100 0.29635 0.31175 60.6 65.6
0.30600 65.500 0.30600 0.30600 64.7 66.3
0.30760 63.800 0.30717 0.30818 62.8 64.8
0.31100 62.300 0.31100 0.31100 61.7 62.9
0.31293 59.300 0.31235 0.31350 58.3 60.3
0.31300 62.700 0.31300 0.31300 62 63.4
0.31811 58.700 0.31753 0.31869 57.6 59.8
0.31930 59.430 0.31850 0.31320 59.21 59.65
0.31941 57.200 0.31941 0.31941 54.3 60.1
0.32050 64.000 0.32050 0.32050 59 69
0.32330 55.600 0.32272 0.32387 54.6 56.6
0.32594 55.500 0.31722 0.33463 53.3 57.7
0.32700 55.000 0.32700 0.32700 54.5 55.5
0.32800 56.400 0.32800 0.32800 55.7 57.1
0.32812 60.000 0.32159 0.33463 54 66
0.32812 54.500 0.32812 0.32812 49.5 59.5
0.32848 52.200 0.32805 0.32906 51.2 53.2
0.33138 53.200 0.32377 0.33896 51.7 54.7
0.33138 52.100 0.33138 0.33138 49.8 54.4
0.33367 50.200 0.33310 0.33425 49.3 51.1
0.33571 50.500 0.32486 0.34652 48.4 52.6
0.33728 48.200 0.33670 0.33786 47.3 49.1
0.33788 52.900 0.33788 0.33788 51.5 54.3
0.34074 49.000 0.34031 0.34132 48.1 49.9
0.34100 48.800 0.34100 0.34100 48.4 49.2
0.34220 58.000 0.33571 0.34867 49 67
0.34300 48.800 0.34300 0.34300 48.3 49.3
0.34436 44.500 0.34378 0.34493 43.6 45.4
0.34500 47.060 0.34410 0.34590 46.88 47.24
0.34797 44.900 0.34739 0.34840 44 45.8
0.34867 46.100 0.34112 0.35620 43.7 48.5
0.34985 48.300 0.34233 0.35737 45 51.6
0.35144 42.700 0.35086 0.35202 41.8 43.6
0.35298 43.500 0.34544 0.36049 41.2 45.8
0.35491 43.100 0.35448 0.35549 42.2 44
0.35600 42.900 0.35600 0.35600 42.5 43.3
0.35800 41.500 0.35800 0.35800 41 42
0.35853 41.000 0.35795 0.35911 40.1 41.9
0.36201 39.300 0.36143 0.36317 38.4 40.2
0.36549 39.800 0.36505 0.36607 39 40.6
0.36911 38.800 0.36853 0.36955 38 39.6
0.36950 38.460 0.36860 0.37010 38.32 38.6
0.37100 38.100 0.37100 0.37100 37.5 38.7
0.37227 38.200 0.36264 0.38186 35.8 40.6
0.37274 36.800 0.37216 0.37318 36 37.6
0.37300 38.300 0.37300 0.37300 37.8 38.8
0.37812 35.600 0.37754 0.37870 34.8 36.4
0.38176 36.500 0.37434 0.38919 34.1 38.9
0.38351 33.400 0.38293 0.38409 32.6 34.2
0.38600 33.300 0.38600 0.38600 32.9 33.7
0.38890 31.100 0.38832 0.38948 30.3 31.9
0.39430 32.400 0.39372 0.39488 31.6 33.2
0.39971 31.600 0.39912 0.40029 30.8 32.4
0.40100 31.100 0.40100 0.40100 30.7 31.5
0.40512 30.500 0.40454 0.40556 29.7 31.3
0.40626 33.000 0.33138 0.47968 31 35
0.40640 29.970 0.40540 0.40740 29.86 30.08
0.41055 29.300 0.40996 0.41113 28.5 30.1
0.41500 30.830 0.41293 0.41708 30.63 31.03
0.41600 29.000 0.41600 0.41600 28.7 29.3
0.41612 28.900 0.41554 0.41671 28.1 29.7
0.42156 28.100 0.42112 0.42215 27.3 28.9
0.42407 30.200 0.42407 0.42407 28.4 32
0.42716 28.700 0.42657 0.42760 28 29.4
0.42736 27.700 0.42209 0.43261 27 28.4
0.42736 27.890 0.42736 0.42736 27.22 28.56
0.43000 27.800 0.43000 0.43000 27.4 28.2
0.43262 27.000 0.43188 0.43291 26.4 27.6
0.43500 28.190 0.43283 0.43718 28.02 28.36
0.43809 26.200 0.43764 0.43868 25.6 26.8
0.44311 26.800 0.44311 0.44311 25.6 28
0.44312 26.400 0.44253 0.44356 25.8 27
0.44500 27.000 0.44500 0.44500 26.8 27.2
0.44935 26.000 0.44875 0.44979 25.4 26.6
0.45500 26.730 0.45272 0.45728 26.58 26.88
0.45881 25.980 0.45881 0.45881 25.36 26.6
0.46000 26.600 0.46000 0.46000 26.4 26.8
0.46065 24.900 0.46005 0.46110 23.9 25.9
0.46925 26.730 0.46925 0.46925 26.25 27.21
0.47400 26.360 0.47116 0.47684 25.69 27.03
0.47500 26.100 0.47500 0.47500 25.8 26.4
0.47500 26.180 0.47262 0.47738 26.01 26.35
0.47723 25.200 0.47678 0.47888 24.2 26.2
0.47968 25.980 0.47968 0.47968 25.38 26.58
0.48900 26.400 0.48900 0.48900 26.1 26.7
0.49008 27.000 0.48072 0.49943 25 29
0.49320 28.810 0.49320 0.49320 27.41 30.21
0.49320 26.700 0.49320 0.49320 26.15 27.25
0.49500 26.500 0.49253 0.49748 26.36 26.64
0.49900 27.040 0.49601 0.50199 26.45 27.63
0.49903 28.900 0.49496 0.50311 27.5 30.3
0.50047 27.230 0.50047 0.50047 26.77 27.69
0.51085 26.500 0.51085 0.51085 26.04 26.96
0.51300 27.490 0.50992 0.51608 26.95 28.03
0.51500 26.700 0.51243 0.51758 26.59 26.81
0.53155 27.570 0.53155 0.53155 27.13 28.01
0.53500 27.190 0.53233 0.53768 27.01 27.37
0.53625 34.000 0.52801 0.54452 33.4 34.6
0.54188 28.400 0.54188 0.54188 27.5 29.3
0.54452 29.500 0.54038 0.54867 28.1 30.9
0.54705 28.060 0.54705 0.54705 27.6 28.52
0.54808 29.440 0.54808 0.54808 28.04 30.84
0.54911 27.000 0.53879 0.55942 25 29
0.55000 28.520 0.54670 0.55330 28.02 29.02
0.55500 27.880 0.55222 0.55778 27.75 28.01
0.56251 27.150 0.56251 0.56251 26.75 27.55
0.56500 29.360 0.56161 0.56839 28.91 29.81
0.57281 27.000 0.55220 0.59338 22 32
0.57500 28.810 0.57213 0.57788 28.7 28.92
0.57600 29.550 0.57254 0.57946 29.13 29.97
0.57630 32.600 0.56716 0.58563 31.6 33.6
0.57796 29.110 0.57796 0.57796 28.71 29.51
0.58310 28.000 0.56251 0.60364 26 30
0.58310 29.310 0.58310 0.58310 28.86 29.76
0.58765 30.000 0.58251 0.59280 28.8 31.2
0.59132 29.960 0.59132 0.59132 28.76 31.16
0.59338 31.100 0.59338 0.59338 30.2 32
0.59500 29.260 0.59203 0.59798 29.09 29.43
0.59500 30.960 0.59143 0.59857 30.56 31.36
0.60878 29.910 0.60878 0.60878 29.51 30.31
0.61400 30.190 0.61093 0.61707 30.09 30.29
0.61742 34.600 0.60720 0.62767 33.9 35.3
0.62200 32.800 0.61827 0.62573 32.5 33.1
0.62416 30.710 0.62416 0.62416 30.3 31.12
0.63200 32.140 0.62884 0.63516 32 32.28
0.63200 34.240 0.62821 0.63579 33.95 34.53
0.63686 35.900 0.62657 0.64703 35.6 36.2
0.63892 34.900 0.63369 0.64401 33.6 36.2
0.63952 33.340 0.63952 0.63952 32.93 33.75
0.64259 34.980 0.64259 0.64259 33.68 36.28
0.65000 34.020 0.64675 0.65325 33.87 34.17
0.65100 36.650 0.64709 0.65491 36.38 36.92
0.65486 34.840 0.65486 0.65486 34.44 35.24
0.65820 40.000 0.64703 0.66937 39.5 40.5
0.66400 39.590 0.66002 0.66798 39.35 39.83
0.66800 37.560 0.66466 0.67134 37.4 37.72
0.67019 37.790 0.67019 0.67019 37.38 38.2
0.67300 40.690 0.66896 0.67704 40.48 40.9
0.67530 37.460 0.67530 0.67530 37.02 37.9
0.68200 43.560 0.67791 0.68609 43.32 43.8
0.68300 46.000 0.67300 0.69300 43.1 48.9
0.68487 43.600 0.67359 0.69603 43.1 44.1
0.68551 39.740 0.68551 0.68551 39.31 40.17
0.68700 41.590 0.68356 0.69043 41.46 41.72
0.68891 44.600 0.68277 0.69506 42.7 46.5
0.69000 41.880 0.69000 0.69000 41.4 42.36
0.69265 44.820 0.69265 0.69265 42.92 46.72
0.69300 45.180 0.68884 0.69716 44.94 45.42
0.69367 42.300 0.69367 0.69367 41.1 43.5
0.69571 42.990 0.69571 0.69571 42.52 43.46
0.69911 49.000 0.68680 0.71131 48.5 49.5
0.70081 42.970 0.70081 0.70081 42.51 43.43
0.70200 45.680 0.69779 0.70621 45.44 45.92
0.70500 44.580 0.70148 0.70853 44.49 44.67
0.71100 46.310 0.70673 0.71527 46.07 46.55
0.71326 45.800 0.70723 0.71947 44.1 47.5
0.71500 44.700 0.71500 0.71500 44.22 45.18
0.71610 45.550 0.71610 0.71610 45.08 46.02
0.71711 45.070 0.71711 0.71711 43.37 46.77
0.71800 46.000 0.71369 0.72231 45.76 46.24
0.71832 49.600 0.70626 0.73060 49.3 49.9
0.72300 45.460 0.71939 0.72662 45.32 45.6
0.72650 45.500 0.72045 0.73257 43.7 47.3
0.73035 45.740 0.73035 0.73035 43.94 47.54
0.73035 44.700 0.73035 0.73035 43.3 46.1
0.73100 45.900 0.70800 0.75400 44 47.8
0.73646 45.430 0.73646 0.73646 44.93 45.93
0.73866 45.100 0.73257 0.74492 43.4 46.8
0.73981 50.000 0.72749 0.75202 49.5 50.5
0.74000 44.140 0.74000 0.74000 43.66 44.62
0.74100 44.590 0.73729 0.74471 44.47 44.71
0.74257 45.290 0.74257 0.74257 43.59 46.99
0.74300 44.100 0.73854 0.74746 43.86 44.34
0.75681 44.100 0.75681 0.75681 43.48 44.72
0.75914 48.300 0.74591 0.77227 47.8 48.8
0.76000 41.600 0.75620 0.76380 41.46 41.74
0.76500 41.620 0.76500 0.76500 41.17 42.07
0.76611 44.400 0.76013 0.77227 42.2 46.6
0.77002 44.470 0.77002 0.77002 42.27 46.67
0.77400 40.380 0.76936 0.77864 40.15 40.61
0.77500 41.540 0.75200 0.79800 40.72 42.36
0.77714 39.600 0.77714 0.77714 38.82 40.38
0.77714 41.820 0.76189 0.79237 41.67 41.97
0.77800 38.630 0.77411 0.78189 38.47 38.79
0.77944 45.300 0.76611 0.79249 44.8 45.8
0.78847 39.200 0.78144 0.79568 37.8 40.6
0.79000 38.220 0.79000 0.79000 37.78 38.66
0.79100 36.630 0.78705 0.79496 36.54 36.72
0.79237 39.160 0.79237 0.79237 37.76 40.56
0.79971 42.100 0.78546 0.81387 41.7 42.5
0.80400 36.670 0.79918 0.80882 36.46 36.88
0.80760 37.060 0.80760 0.80760 36.37 37.75
0.81200 36.480 0.80713 0.81687 36.27 36.69
0.81500 35.730 0.81500 0.81500 35.3 36.16
0.81500 35.580 0.81093 0.81907 35.51 35.65
0.81800 36.170 0.81309 0.82291 35.96 36.38
0.81996 39.000 0.80577 0.83405 38.6 39.4
0.82400 35.800 0.81906 0.82894 35.59 36.01
0.83300 35.120 0.82884 0.83716 35 35.24
0.84000 35.630 0.84000 0.84000 35.2 36.06
0.84326 35.100 0.83610 0.85026 33.6 36.6
0.84500 36.100 0.83993 0.85007 35.89 36.31
0.84715 34.900 0.84715 0.84715 33.4 36.4
0.85100 36.090 0.84675 0.85526 35.97 36.21
0.85952 37.100 0.84530 0.87363 36.7 37.5
0.86500 36.660 0.86500 0.86500 36.23 37.09
0.86949 36.700 0.85437 0.88468 36.3 37.1
0.87000 38.640 0.86565 0.87435 38.56 38.72
0.87300 38.450 0.86776 0.87824 38.25 38.65
0.87363 37.600 0.86553 0.88174 36 39.2
0.87754 37.430 0.87754 0.87754 35.83 39.03
0.88300 40.230 0.87770 0.88830 40.04 40.42
0.89000 39.940 0.89000 0.89000 39.51 40.37
0.89387 37.400 0.88572 0.90187 35.4 39.4
0.89779 37.380 0.89779 0.89779 35.38 39.38
0.90100 41.600 0.88572 0.91600 41.2 42
0.90386 39.000 0.90127 0.90645 37.4 40.6
0.90700 44.410 0.90156 0.91244 44.22 44.6
0.91500 44.210 0.91500 0.91500 43.74 44.68
0.91810 39.000 0.91810 0.91810 37.5 40.5
0.92020 43.900 0.90396 0.93636 43.5 44.3
0.92611 40.200 0.92611 0.92611 38.98 41.42
0.93100 49.580 0.92541 0.93659 49.39 49.77
0.93900 51.580 0.93337 0.94463 51.39 51.77
0.94000 50.290 0.94000 0.94000 49.78 50.8
0.94041 48.500 0.92424 0.95650 48 49
0.94429 47.900 0.93636 0.95243 46 49.8
0.94532 46.370 0.94532 0.94532 44.87 47.87
0.94835 48.200 0.94835 0.94835 46.3 50.1
0.95455 50.000 0.95455 0.95455 47 53
0.96147 55.200 0.94429 0.97873 54.7 55.7
0.96500 55.560 0.96500 0.96500 55 56.12
0.96553 48.130 0.96553 0.96553 46.63 49.63
0.96555 54.600 0.95756 0.97374 52.5 56.7
0.96958 55.130 0.96958 0.96958 53.03 57.23
0.96958 47.000 0.94937 0.98978 42 52
0.97100 57.780 0.96517 0.97683 57.61 57.95
0.98070 60.100 0.96360 0.99789 59.6 60.6
0.98574 53.320 0.98574 0.98574 51.6 55.04
0.98800 59.880 0.98207 0.99393 59.71 60.05
0.99000 58.540 0.99000 0.99000 57.96 59.12
0.99376 58.600 0.98481 1.00290 56.2 61
0.99584 54.200 0.99584 0.99584 52.41 55.99
0.99600 60.090 0.99002 1.00198 59.91 60.27
0.99681 56.000 0.99681 0.99681 52 60
0.99786 59.220 0.99786 0.99786 56.82 61.62
1.00094 61.200 0.98373 1.01807 60.7 61.7
1.00200 60.580 0.99599 1.00801 60.4 60.76
1.01500 58.090 1.01500 1.01500 57.52 58.66
1.01600 59.750 1.00990 1.02210 59.57 59.93
1.01603 56.760 1.01603 1.01603 54.92 58.6
1.01610 57.800 1.00690 1.02510 55.6 60
1.02007 58.460 1.02007 1.02007 56.26 60.66
1.02114 60.500 1.00292 1.03928 60.1 60.9
1.02700 57.800 1.02084 1.03316 57.62 57.98
1.04000 55.180 1.04000 1.04000 54.62 55.74
1.04019 59.300 1.02205 1.05844 58.8 59.8
1.04420 54.500 1.03530 1.05330 52.1 56.9
1.04529 55.170 1.04529 1.04529 53.38 56.96
1.04832 55.020 1.04832 1.04832 52.62 57.42
1.05000 53.800 1.04370 1.05630 53.62 53.98
1.06045 54.400 1.04128 1.07955 53.9 54.9
1.06500 50.220 1.06500 1.06500 49.68 50.76
1.06940 50.400 1.06050 1.07860 47.8 53
1.07354 50.670 1.07354 1.07354 48.07 53.27
1.07500 49.750 1.06855 1.08145 49.57 49.93
1.07555 48.820 1.07555 1.07555 47.19 50.45
1.08158 51.800 1.06247 1.10080 51.4 52.2
1.08900 46.690 1.08247 1.09553 46.5 46.88
1.09000 45.630 1.09000 1.09000 45.12 46.14
1.09572 45.700 1.09572 1.09572 44.08 47.32
1.09880 44.700 1.08860 1.10880 42.5 46.9
1.10100 44.410 1.09439 1.10761 44.22 44.6
1.10173 48.900 1.08158 1.12181 48.4 49.4
1.10277 44.840 1.10277 1.10277 42.64 47.04
1.11500 41.410 1.11500 1.11500 40.92 41.9
1.11588 41.520 1.11588 1.11588 39.99 43.05
1.12700 41.020 1.12024 1.13376 40.83 41.21
1.14000 39.350 1.14000 1.14000 38.88 39.82
1.14108 42.800 1.12088 1.16121 42.4 43.2
1.14110 39.600 1.13100 1.15100 37.6 41.6
1.14510 39.540 1.14510 1.14510 37.54 41.54
1.15100 39.290 1.14409 1.15791 39.1 39.48
1.16500 37.970 1.16500 1.16500 37.5 38.44
1.16600 38.150 1.15900 1.17300 37.96 38.34
1.17600 38.140 1.16894 1.18306 37.95 38.33
1.18126 38.300 1.16007 1.20245 37.9 38.7
1.19000 37.260 1.19000 1.19000 36.79 37.73
1.19500 37.190 1.18783 1.20217 37 37.38
1.19545 36.660 1.19545 1.19545 35.36 37.96
1.20100 37.180 1.19379 1.20821 36.99 37.37
1.20144 37.600 1.18031 1.22249 37.2 38
1.20330 35.900 1.19230 1.21440 33.9 37.9
1.20753 35.770 1.20753 1.20753 33.77 37.77
1.21500 36.380 1.21500 1.21500 35.91 36.85
1.22600 36.760 1.21864 1.23336 36.57 36.95
1.24000 36.120 1.24000 1.24000 35.65 36.59
1.24175 36.500 1.21962 1.26382 36 37
1.25100 36.570 1.24349 1.25851 36.38 36.76
1.26500 36.190 1.26500 1.26500 35.72 36.66
1.27500 36.450 1.26735 1.28265 36.26 36.64
1.27780 35.500 1.26580 1.28990 33.5 37.5
1.28100 36.420 1.27331 1.28869 36.23 36.61
1.28193 36.000 1.25975 1.30405 35.6 36.4
1.28199 35.520 1.28199 1.28199 33.52 37.52
1.29000 36.160 1.29000 1.29000 35.69 36.63
1.29608 34.450 1.29608 1.29608 33.13 35.77
1.31200 36.560 1.30413 1.31987 36.37 36.75
1.31500 36.230 1.31500 1.31500 35.76 36.7
1.32118 35.600 1.29699 1.34512 35.2 36
1.33200 36.630 1.32401 1.33999 36.44 36.82
1.34000 36.570 1.34000 1.34000 36.1 37.04
1.34900 36.640 1.34091 1.35709 36.45 36.83
1.35500 36.610 1.34687 1.36313 36.42 36.8
1.36500 36.390 1.36500 1.36500 35.92 36.86
1.38000 36.680 1.37172 1.38828 36.49 36.87
1.38845 35.700 1.36323 1.41363 35.3 36.1
1.39000 36.130 1.39000 1.39000 35.66 36.6
1.39303 34.600 1.39303 1.39303 31.9 37.3
1.39561 35.720 1.39561 1.39561 34.37 37.07
1.39900 36.650 1.39061 1.40739 36.46 36.84
1.40900 36.620 1.40055 1.41745 36.44 36.8
1.41500 35.880 1.41500 1.41500 35.41 36.35
1.42051 35.900 1.39448 1.44671 35.5 36.3
1.43300 36.540 1.42440 1.44160 36.36 36.72
1.44000 36.110 1.44000 1.44000 35.64 36.58
1.45100 36.490 1.44229 1.45971 36.31 36.67
1.46500 35.630 1.46500 1.46500 35.16 36.1
1.47600 36.070 1.46714 1.48486 35.89 36.25
1.49000 35.820 1.49000 1.49000 35.35 36.29
1.49400 36.060 1.48504 1.50296 35.88 36.24
1.49607 33.480 1.49607 1.49607 32.07 34.89
1.50088 35.500 1.47371 1.52803 35.1 35.9
1.51500 35.060 1.51500 1.51500 34.59 35.53
1.52097 35.300 1.49284 1.54909 34.9 35.7
1.53100 35.540 1.52181 1.54019 35.36 35.72
1.54000 34.630 1.54000 1.54000 34.16 35.1
1.54115 34.500 1.51288 1.56920 34.1 34.9
1.56500 34.390 1.56500 1.56500 33.92 34.86
1.57200 35.080 1.56257 1.58143 34.9 35.26
1.58119 34.700 1.55202 1.61035 34.3 35.1
1.59000 34.000 1.59000 1.59000 33.53 34.47
1.59000 32.500 1.56500 1.61500 31.9 33.1
1.59548 31.810 1.59548 1.59548 30.31 33.31
1.60400 34.750 1.59438 1.61362 34.56 34.94
1.62139 34.700 1.59131 1.65147 34.3 35.1
1.62200 34.620 1.61227 1.63173 34.43 34.81
1.67200 34.640 1.66197 1.68203 34.44 34.84
1.68155 34.300 1.65040 1.71270 33.9 34.7
1.71900 34.700 1.70869 1.72931 34.5 34.9
1.75983 34.300 1.72770 1.79196 33.9 34.7
1.77300 35.080 1.76236 1.78364 34.87 35.29
1.78500 35.110 1.77429 1.79571 34.89 35.33
1.82099 34.000 1.77675 1.85601 33.6 34.4
1.82100 35.510 1.81007 1.83193 35.28 35.74
1.85100 35.490 1.83989 1.86211 35.23 35.75
1.86900 35.580 1.85779 1.88021 35.32 35.84
1.87913 34.800 1.84394 1.91413 34.5 35.1
1.91600 36.030 1.90450 1.92750 35.79 36.27
1.92026 35.200 1.88409 1.95624 34.8 35.6
1.95100 36.080 1.93929 1.96271 35.83 36.33
1.96700 36.180 1.95520 1.97880 35.93 36.43
2.00010 35.700 1.95990 2.02000 34.9 36.5
2.01600 36.380 2.00390 2.02810 36.11 36.65
2.05000 36.420 2.03770 2.06230 36.12 36.72
2.06700 36.340 2.05460 2.07940 36.04 36.64
2.10200 36.100 2.08939 2.11461 35.8 36.4
2.11979 35.400 2.07958 2.15983 35.1 35.7
2.16800 36.060 2.15499 2.18101 35.76 36.36
2.21700 35.770 2.20370 2.23030 35.38 36.16
2.26000 35.480 2.26000 2.26000 35.23 35.73
2.26600 35.440 2.25240 2.27960 35.04 35.84
2.36600 34.630 2.35180 2.38020 34.23 35.03
2.41400 34.350 2.39952 2.42848 33.9 34.8
2.47000 33.800 2.45518 2.48482 33 34.6
2.52000 34.055 2.52000 2.52000 34.035 34.075
2.52200 33.530 2.50687 2.53713 32.68 34.38
2.56800 33.320 2.55259 2.58341 32.62 34.02
2.61400 32.950 2.59832 2.62968 32.25 33.65
2.62000 33.468 2.62000 2.62000 33.448 33.488
2.66500 32.890 2.64901 2.68099 32.09 33.69
2.72000 33.017 2.72000 2.72000 32.997 33.037
2.75000 32.500 2.75000 2.75000 32.4 32.6
2.75000 32.500 2.73500 2.76500 32.4 32.6
2.82000 32.758 2.82000 2.82000 32.738 32.778
2.92000 32.546 2.92000 2.92000 32.526 32.566
3.02000 32.411 3.02000 3.02000 32.391 32.431
3.10010 30.900 3.04000 3.16010 30 31.8
3.12000 32.299 3.12000 3.12000 32.284 32.314
3.15000 31.300 3.05550 3.24450 31 31.6
3.22000 32.174 3.22000 3.22000 32.159 32.189
3.32000 31.973 3.32000 3.32000 31.958 31.988
3.40000 31.400 3.10000 3.70000 30.7 32.1
3.42000 31.746 3.42000 3.42000 31.731 31.761
3.52000 31.569 3.52000 3.52000 31.554 31.584
3.62000 31.334 3.62000 3.62000 31.319 31.349
3.72000 31.064 3.72000 3.72000 31.049 31.079
3.82000 30.901 3.82000 3.82000 30.891 30.911
3.90000 30.000 3.50000 4.30000 29.5 30.5
3.93000 30.739 3.93000 3.93000 30.729 30.749
4.03000 30.519 4.03000 4.03000 30.509 30.529
4.10000 30.800 4.02000 4.18010 29.8 31.8
4.13000 30.363 4.13000 4.13000 30.353 30.373
4.13000 29.900 4.00610 4.25390 29.4 30.4
4.23000 30.170 4.23000 4.23000 30.16 30.18
4.33000 30.058 4.33000 4.33000 30.048 30.068
4.43000 29.902 4.43000 4.43000 29.892 29.912
4.50000 30.200 4.50000 4.50000 29.8 30.6
4.53000 29.744 4.53000 4.53000 29.734 29.754
4.63000 29.600 4.63000 4.63000 29.59 29.61
4.63747 29.400 4.63747 4.63747 26.7 32.1
4.73000 29.487 4.73000 4.73000 29.477 29.497
4.83000 29.360 4.83000 4.83000 29.35 29.37
4.90000 28.700 4.80010 5.00000 27.7 29.7
4.90000 29.600 4.40000 5.40000 29 30.2
4.93000 29.237 4.93000 4.93000 29.227 29.247
4.95000 29.100 4.80150 5.09850 28.6 29.6
5.03000 29.120 5.03000 5.03000 29.11 29.13
5.13000 28.988 5.13000 5.13000 28.978 28.998
5.23000 28.881 5.23000 5.23000 28.871 28.891
5.33000 28.766 5.33000 5.33000 28.756 28.776
5.44000 28.680 5.44000 5.44000 28.67 28.69
5.54000 28.586 5.54000 5.54000 28.561 28.611
5.64000 28.450 5.64000 5.64000 28.425 28.475
5.74000 28.355 5.74000 5.74000 28.33 28.38
5.75000 29.100 5.75000 5.75000 28.7 29.5
5.84000 28.256 5.84000 5.84000 28.231 28.281
5.94000 28.149 5.94000 5.94000 28.124 28.174
6.00000 28.500 5.89800 6.10200 28.2 28.8
6.04000 28.072 6.04000 6.04000 28.047 28.097
6.24000 27.884 6.24000 6.24000 27.859 27.909
6.44000 27.704 6.44000 6.44000 27.679 27.729
6.64000 27.518 6.64000 6.64000 27.493 27.543
6.65000 27.900 6.65000 6.65000 27.6 28.2
6.84000 27.356 6.84000 6.84000 27.331 27.381
6.94000 27.236 6.94000 6.94000 27.211 27.261
7.00000 28.400 7.00000 7.00000 28 28.8
7.00000 27.800 6.30000 7.70000 27 28.6
7.19863 31.000 6.39839 7.99900 27.9 34.1
8.00000 27.500 7.86400 8.13600 27.2 27.8
8.00000 28.300 8.00000 8.00000 26.5 30.1
8.00000 27.640 8.00000 8.00000 27.07 28.21
8.05000 28.400 8.01000 8.09000 26.7 30.1
9.20000 25.000 8.30000 10.10000 21 29
10.00000 26.500 9.83000 10.17000 26.2 26.8
10.00000 26.700 10.00000 10.00000 26.4 27
10.00000 26.870 10.00000 10.00000 26.75 26.99
10.00000 26.500 10.00000 10.00000 26.15 26.85
10.00000 27.000 10.00000 10.00000 26.6 27.4
11.20000 25.640 11.17200 11.22800 25.29 25.99
11.44000 25.300 11.15400 11.72600 23.8 26.8
12.00000 25.900 11.79600 12.20400 25.6 26.2
12.00000 26.000 12.00000 12.00000 25.75 26.25
13.00000 26.280 12.94800 13.05200 25.49 27.07
13.30000 25.900 13.30000 13.30000 25.6 26.2
14.00000 25.400 13.76200 14.23800 25.1 25.7
14.00000 26.000 14.00000 14.00000 25.8 26.2
15.00000 25.840 15.00000 15.00000 25.76 25.92
15.90000 26.800 15.90000 15.90000 25.7 27.9
16.00000 25.100 15.72800 16.27200 24.8 25.4
16.00000 26.800 16.00000 16.00000 25.1 28.5
16.00000 25.400 13.00000 19.00000 23.8 27
17.00000 25.700 17.00000 17.00000 25.5 25.9
18.00000 25.000 17.69400 18.30600 24.7 25.3
18.47000 24.700 18.38000 18.56000 23.7 25.7
18.50000 24.670 18.50000 18.50000 24.2 25.14
20.00000 25.130 20.00000 20.00000 25.06 25.2
20.00000 24.800 19.66000 20.34000 24.5 25.1
20.00000 25.640 19.92000 20.08000 24.86 26.42
20.00000 25.380 20.00000 20.00000 25.08 25.68
20.00000 25.600 20.00000 20.00000 25.1 26.1
21.00000 25.220 21.00000 21.00000 25.14 25.3
21.00000 25.250 21.00000 21.00000 25.1 25.4
23.00000 24.940 23.00000 23.00000 24.86 25.02
23.00000 25.010 23.00000 23.00000 24.95 25.07
25.00000 24.790 25.00000 25.00000 24.72 24.86
25.00000 24.790 25.00000 25.00000 24.72 24.86
25.00000 24.850 25.00000 25.00000 24.6 25.1
27.50000 24.840 27.50000 27.50000 24.77 24.91
30.00000 24.560 30.00000 30.00000 24.49 24.63
30.00000 24.780 30.00000 30.00000 24.7 24.86
30.00000 24.970 30.00000 30.00000 24.82 25.12
30.00000 24.800 30.00000 30.00000 24.6 25
31.20000 24.560 31.20000 31.20000 24.45 24.67
33.50000 24.410 33.50000 33.50000 24.34 24.48
33.52000 24.470 33.52000 33.52000 24.4 24.54
35.00000 24.390 35.00000 35.00000 24.32 24.46
35.00000 24.750 35.00000 35.00000 24.6 24.9
35.00000 24.370 35.00000 35.00000 24.33 24.41
36.80000 24.470 36.80000 36.80000 24.4 24.54
37.50000 24.280 37.50000 37.50000 24.21 24.35
39.48000 24.520 39.48000 39.48000 24.44 24.6
39.49000 24.500 39.49000 39.49000 24.42 24.58
40.00000 24.330 40.00000 40.00000 24.26 24.4
40.00000 24.360 40.00000 40.00000 24.29 24.43
40.00000 24.700 40.00000 40.00000 24.55 24.85
40.00000 24.500 40.00000 40.00000 24.35 24.65
42.50000 24.230 42.50000 42.50000 24.16 24.3
45.00000 24.270 45.00000 45.00000 24.2 24.34
45.00000 24.370 45.00000 45.00000 24.3 24.44
45.00000 24.270 45.00000 45.00000 24.12 24.42
45.47000 24.400 45.47000 45.47000 24.31 24.49
47.50000 24.310 47.50000 47.50000 24.24 24.38
50.00000 24.010 50.00000 50.00000 23.95 24.07
50.00000 24.250 50.00000 50.00000 24.18 24.32
50.00000 24.300 50.00000 50.00000 24.22 24.38
50.00000 24.620 50.00000 50.00000 24.47 24.77
50.00000 24.000 49.87500 50.12500 23.6 24.4
50.00000 24.380 50.00000 50.00000 24.23 24.53
50.00000 24.060 50.00000 50.00000 24 24.12
50.48000 24.020 50.48000 50.48000 23.92 24.12
52.50000 24.230 52.50000 52.50000 24.16 24.3
55.00000 24.280 55.00000 55.00000 24.21 24.35
55.00000 24.290 55.00000 55.00000 24.22 24.36
55.00000 24.640 55.00000 55.00000 24.49 24.79
56.71000 24.200 56.71000 56.71000 24.07 24.33
57.50000 24.200 57.50000 57.50000 24.13 24.27
59.40000 24.270 59.40000 59.40000 24.13 24.41
60.00000 24.230 60.00000 60.00000 24.14 24.32
60.00000 24.200 60.00000 60.00000 24.13 24.27
60.00000 24.600 60.00000 60.00000 24.45 24.75
60.00000 24.400 60.00000 60.00000 24.25 24.55
62.50000 24.330 62.50000 62.50000 24.26 24.4
65.00000 24.400 65.00000 65.00000 24.24 24.56
65.00000 24.260 65.00000 65.00000 24.19 24.33
65.00000 24.690 65.00000 65.00000 24.49 24.89
70.00000 24.000 70.00000 70.00000 23.94 24.06
100.00000 23.960 100.00000 100.00000 23.89 24.03
100.00000 23.900 99.00000 101.00000 23.2 24.6
100.00000 24.000 100.00000 100.00000 23.94 24.06
120.00000 24.060 120.00000 120.00000 24.02 24.1
147.00000 24.240 145.67700 148.32299 23.95 24.53
150.00000 24.070 150.00000 150.00000 24.01 24.13
150.00000 24.110 150.00000 150.00000 24.07 24.15
170.00000 24.210 170.00000 170.00000 24.17 24.25
175.00000 23.400 173.25000 176.75000 22.6 24.2
200.00000 24.340 200.00000 200.00000 24.3 24.38
200.00000 24.280 200.00000 200.00000 24.22 24.34
205.00000 24.190 204.79499 205.20500 23.75 24.63
240.00000 24.610 240.00000 240.00000 24.57 24.65
280.00000 24.740 280.00000 280.00000 24.68 24.8
310.00000 24.900 310.00000 310.00000 24.82 24.98
340.00000 25.080 340.00000 340.00000 25 25.16
360.00000 25.250 359.64001 360.35998 24.9 25.6
370.00000 25.250 370.00000 370.00000 25.16 25.34
585.00000 26.000 585.00000 585.00000 23.9 28.1
595.00000 26.400 595.00000 595.00000 25.1 27.7
640.00000 27.100 640.00000 640.00000 25.6 28.6
